0  0.000057366787313787  0.14155281254620267  0.000029363986871805348  0.00039650044611416545  0.00000712678858237309  0.2371855242102004  2.38544269284038e-7  0.00013691907913748305  0.000004333373452670512  0.13753001428604328  0.0000018879608512437885  0.004895534384990736  0.0000014173988513318067  0.0010090404373755853  0.0000025578663926041845  0.07521510280380055  0.000010557723891040785  0.01068017797772978  0.000006870426988262183  0.0006765300459494776  0.00004332013949578093  0.00003119649184405324  6.340415629344882e-7  0.000033136293146612036  0.000005791946524948294  0.00034903117344275655  0.00001098633731842493  0.012844483570452222  0.000001920025980694413  0.0010667483097176423  0.0003250317549734764  0.0012014675400435506  0.0008885151684612967  0.000048277534924321254  0.000042168452826582844  0.0012937850325458419  0.000002402444430669659  0.00006143962400738916  4.6008258935094597e-7  0.000009356801096728372  8.217914338034201e-7  0.0005068733488467637  0.0000391557793683099  0.00002276204010601276  7.725657668195456e-7  0.00013506717834720636  5.535686598422974e-7  0.000030094247366956488  7.05773082661555e-7  0.00016510336546424334  9.665698062201576e-7  0.35882318958681503  0.000020511616848623532  0.00044858186232569596  0.000014815374479864281  0.0013770541540792914  0.000007045902198215097  0.0008333810892104  0.000017687420276165566  0.00011863404209441909  0  0.0004438225892211278  0.000004328190825232768  0.07836262133953271  0.000002738261620087011  0.0010155904805185044  0.000002572091436135827  0.0018590289680805738  0.0000023557886279471775  0.0018989571094382815  0.0000014577396259375677  0.0003884061803612264  9.894966905293688e-7  0.00031341853244731273  0.0000026019412377343094  0.00004198917339278598  0
0.000057366787313787  0  0.00007842198643049516  0.1566969712341249  0.000002914488389732607  0.00038593039311403485  0.000020666102694974288  0.2318783258500478  0.0000027092658005182068  0.0009587487465793597  0.0000020307218990718303  0.08669657835567758  0.000009939358875031591  0.009426742214350883  0.000004664646290250173  0.0009703830637734529  0.0000021665506693681652  0.07053335171954056  0.00004803126541411955  0.02475185884708636  0.000011054966009462719  0.0003169545404936796  2.7316373871560594e-7  0.00003386462336787949  0  0.00007461681881963398  0.0000013658186935780297  0.0003507039597402137  8.188474367930355e-7  0.006854289325993741  0.0004053318930291869  0.00007533552192188239  0.001368948183182141  0.004739644739545936  0.0000352152588207901  0.00015283260645486922  0.0000017525215251048256  0.0013466736603150414  5.463274774312119e-7  0.0000562671919258124  2.7316373871560594e-7  0.000019631255714229504  0.0000071494038832650225  0.010344157616699975  0  0.00007932177487966204  0.000003069439456439891  0.00004835864294311135  2.7316373871560594e-7  0.00003559682986081215  0  0.00026832752994123625  0.000037076897635067874  0.3197100017340437  0.000006806383772452068  0.0009391336971274898  0.0000029702091615733812  0.0027509015071354678  0.000005334980198808245  0.001207584178340395  0.000002685702718079406  0.00007781525049762054  0.000007285722757795918  0.0003982253515453641  0.00006000987488996714  0.08153600903168055  0.0000021659075527092937  0.00013239099155291136  0.000002275625869045261  0.00012046622442411764  0.0000010693914607099024  0.0011504625782198421  0.0000018188430160008763  0.0000771459017503044  2.7316373871560594e-7  0.0008389233295262025  0  0.00008159319011415966
0.14155281254620267  0.00007842198643049516  0  0.000034054840504348076  0.04811551862291413  0.0000069849262215743256  0.36784142037225864  0.000001472592444726303  0.017900368776333702  0.00001271636606580587  0.0325100303659372  0.0000035030322709082757  0.04080369188351967  0.000004537772867399231  0.001246752300838052  0.0000025929306339196815  0.008986393402143895  0.0000063125604797769476  0.18447843502627648  0.00002892739425799589  0.00023268901782121193  0.00001989391103274247  0.2617761008604713  0.000007775994286797074  0.002408420352659008  0.000006878446413435256  0.00023200720632412142  0.00000428988138326464  0.005064758370925168  0.0000034905738909934964  0.03362510052894216  0.024188047722364825  0.006554761778333047  0.009302312551945113  0.00005577240123933694  0.000023561876025554455  0.00027237283126682095  0.000002633572003664187  0.000047479828321276286  1.991007812316454e-7  0.00000973763748207576  0  0.00033419392954147145  0.000029891284493895573  0.00002009414596188015  8.032015379886634e-7  0.00011628076950242777  1.991007812316454e-7  0.000029790480003443732  0  0.00006893397018726166  5.973023436949362e-7  0.0036403123463374892  0.000017807452392798597  0.00009920736596750551  0.000014815849999449969  0.000047810978968135924  0.000009486489234497285  0.00019408312878190287  0.00001976962796808572  0.000086682549257756  5.821457075777325e-7  0.0002353249609626734  0.0000036004970743389486  0.0015269372520203568  0.000002738261620087011  0.0003908357790094379  8.573638120452757e-7  0.0006920822395851352  0.0000015424962868686606  0.0021073818881899367  0.0000032413669883606803  0.00009641370845402383  7.940002386750384e-7  0.0001898486922394556  0.000001996770949433245  0.00002205911683538072  4.862907309619166e-7
0.000029363986871805348  0.1566969712341249  0.000034054840504348076  0  0.0000022821158390916156  0.09245725320985698  0.000013026913579226704  0.37327097363924433  0.000003417012377472581  0.005449400170950556  0.0000028142008326282195  0.029032430385365137  0.000011790455124603676  0.012720340981644802  0.000006803817466143153  0.0015945868312754654  0.000002875268858765986  0.005315230989980432  0.00039848764457678745  0.1679859687712272  0.00005253137682424803  0.0002856097473908486  0.0023530443710198827  0.2661876860585525  0.0000010684114537981494  0.004808865136500929  4.123245455977345e-7  0.00028283254278588834  0.0000013625997968091183  0.003625180745702011  0.03342419779534801  0.0328943056840138  0.001223597316069951  0.014476833818628517  0.000006617357471206373  0.00005950126311371802  0  0.0003151740337308881  2.0616227279886726e-7  0.00003871681490576541  6.52613964047164e-7  0.000019579391451922214  0.000002044382419785945  0.0027219315315143394  3.0081828590130874e-7  0.00006283134994468007  0.0000010814041325688617  0.00005016952479405358  2.0616227279886726e-7  0.00002721897802846431  2.3266007711285595e-7  0.00009141349410242046  0.000018912078321287614  0.0015135963616477207  0.0000017693673289810495  0.0002264915328982424  0.000001481918190927969  0.00030248853346184534  0.0000037104967451706943  0.00032916323851694826  0.0000011188796267511602  0.00007119056558474962  0.000002041069464351549  0.00013256081017833291  0.0000306385621994501  0.001705846839441652  8.09790037639041e-7  0.0000737005731150439  0.0000011372589693340393  0.00007845366012792355  0.0000015691919498360718  0.0005115053461844647  0.0000011122109176445603  0.000036613433022216496  2.0616227279886726e-7  0.00032663613142985517  0  0.00004222113891141527
0.00039650044611416545  0.000002914488389732607  0.04811551862291413  0.0000022821158390916156  0  0.00000490390192172119  0.00037444330882631816  0  0.3067213028423769  0.00000147239378931696  0.00002547890648840009  0  0.00011551646288027088  3.9404705237042944e-7  0.22638094519845353  0.000005149549417752427  0.00016854791270720152  3.056729849272651e-7  0.00020513207580213056  0  0.1126466403477964  0.00011964385456857936  0.022252174321041006  0.0000019939193435698495  0.11983438764477178  0.0000220860939063269  0.22917606335675186  0.00002709851699210538  0.02839390664053483  0  0.010638746345854853  0.010649119278638002  0.0000602636808058114  0.00003407311101341894  0.000043332743607606905  0.000040562285131748116  0.0001872608104880262  0  0.00006830189063542356  0  0.00001735552595976604  0  0.00032537916904266603  0.000002990780587548709  0.000029094417322759347  0  0.00017724132323253472  0  0.000051333634368110076  0  0.000049079207225563215  0  0.0005366012428976088  6.389499930778588e-7  0.00013355453183614812  0.000001179536009869942  0.000042422287248909386  0  0.00014581752875439605  0  0.0001039557683278574  3.6436668697403667e-7  0.00013325084523613213  0  0.00008060580344592766  0  0.00019256636243216856  0  0.00031566204114386303  1.7138847631874007e-7  0.0023359101634376333  7.287333739480733e-7  0.00019133403606418352  0  0.0002554575891469989  3.6436668697403667e-7  0.000037207629253935496  0
0.00000712678858237309  0.00038593039311403485  0.0000069849262215743256  0.09245725320985698  0.00000490390192172119  0  0.000001772390758862612  0.020239994821504917  0  0.29750546602710864  0  0.0001533057635933284  3.3619073041470473e-7  0.00009312017794940532  0.000003926586192069692  0.19462117654350986  8.007319757901356e-7  0.00005581459866958115  0.000003837797615009014  0.00005525741888825205  0.00013923821443455735  0.03704395573906989  9.55581757544651e-7  0.014087221779460066  0.0000183381648661434  0.17178828599364054  0.0000743912929150255  0.2686259465919684  6.087106897765284e-7  0.006624671134886684  0.009512142113380615  0.010257662354327683  0.000052531810844878066  0.00007419853556502796  0.00004778808721577596  0.00011222467706260142  0.0000010744461433872806  0.0010574949024717388  0  0.00008619503184250554  0  0.00001510918375214826  0.0000029588917001474893  0.0009939808341705913  0  0.00005237512406302697  0.0000030257165737323425  0.000031788031669751776  0  0.00003691003448305895  0.0000016809536520735236  0.00019629223435605898  0.000006466465867908089  0.00013765998750073146  9.872875400912697e-7  0.00010460486884205898  0.000001008572191244114  0.00011116684871913894  7.78740993860406e-7  0.00005974245198548657  3.3619073041470473e-7  0.00003169936994059325  5.394168226939829e-7  0.000056349922563844226  3.3619073041470473e-7  0.000007705129216264948  0  0.00002479600260527894  0.000001236023985110922  0.000034100013962259655  0.000006462735428505924  0.0028775392225014714  0.000001907465813284947  0.00010507509461408461  0.0000029321909002452094  0.001708089813775016  3.3619073041470473e-7  0.00012102996058934382
0.2371855242102004  0.000020666102694974288  0.36784142037225864  0.000013026913579226704  0.00037444330882631816  0.000001772390758862612  0  0  0.1465864763884545  0.000003411509511662998  0.054523027210021155  4.7199021281094713e-7  0.23578384296932403  0.000002184049180454044  0.004239781698205497  0.0000014816746479541036  0.0016352117962529784  0.0000023535248130927523  0.0011540735946457899  0.000008563287989601553  0.00002471139160895465  0.000004280874949371897  0.002754419258635311  7.975677374279397e-7  0.000005236137518506797  0.000001303294990394716  0.0000384841068248827  2.1381391860189646e-7  0.0010564758736322844  8.228682774404627e-7  0.0019795314032428116  0.0015659352195827208  0.00005038111302872553  0.0008819745692726643  0.0000040721873535091565  0.0000047150837843833735  0.00005253320608322093  0  0.000005946015194368295  0  0.000002622238585356269  0  0.00006451497396976847  0.00000990720021682866  0.000003943048901426817  0  0.000020125489598382355  7.45938802825572e-7  0.0000043029264618006216  0  0.000015991845403138973  4.74610642160499e-7  0.0011181567509575727  0.0000035403193479438816  0.00002532398612592823  0.000005124873031733169  0.000014864521787558197  0.0000017312108747036024  0.00004691574633299231  0.0000026904836893613425  0.000020934770990039884  0  0.000025941183285213773  5.143567249055641e-7  0.00004916930392557671  0.000002190609296069609  0.00007919107540679266  0.0000017147276240905513  0.00013236422939192697  3.4277695263748013e-7  0.0006290110639089171  0.0000012224819317170493  0.000011560706052871995  0  0.000026465922009343302  2.1381391860189646e-7  0.000004378029776088952  0
2.38544269284038e-7  0.2318783258500478  0.000001472592444726303  0.37327097363924433  0  0.020239994821504917  0  0  0  0.12022916855046559  0  0.052852750210470034  0.0000014415442975751063  0.263485230544927  4.1235344958401786e-7  0.018893321382254906  0  0.001305300405317347  4.77088538568076e-7  0.00010160752230351145  0.0000016500595333413172  0.00005044471548938245  0  0.0030686304675688197  0  0.000024754741905066404  0  0.000027122076437615164  0  0.0010949984153658602  0.0008514465787511736  0.0008916199606237509  0.000002258887701384363  0.00005080471411627616  0.000001386666364376507  0.000004940870527694637  0  0.000054450057045269836  0  0.00001899282083232043  0  0.000005885122429336866  0  0.00019191951310352712  0  0.000035677661305009014  2.38544269284038e-7  0.00003206510591308684  0  0.00002008014510927825  0  0.00001898474472682256  4.3496567250912557e-7  0.0007442117534391584  0  0.00006829231046160874  0  0.00018254947748950145  0  0.00012193786740267715  0  0.00005513082036917924  0  0.00001658245596533999  5.404371271659369e-7  0.000004549199075973929  0  0.000023625911463790522  2.2745179386680787e-7  0.00004056099803372028  0  0.0002392649012659915  0  0.000021071227948250257  0  0.0001222497628306479  0  0.00001806017790237719
0.00013691907913748305  0.0000027092658005182068  0.017900368776333702  0.000003417012377472581  0.3067213028423769  0  0.1465864763884545  0  0  0  0.000011382743766476417  0  0.026713342386913405  3.9404705237042944e-7  0.31665820077881973  3.704186619885259e-7  0.000042445396551471494  3.056729849272651e-7  0.00003756250085423836  0  0.000013891980235550488  0.000002140566736449142  0.0009495909285252448  0  0.0003718223870790117  4.344316634649053e-7  0.000050620727632358297  5.822463763896766e-7  0.00029391428295744116  0  0.00019990819069685495  0.00018986138451255267  0.00001264945091825043  0.00000857499141433075  0.00002387607099130899  0.000020233458936929188  0.00001940384498538595  0  0.000013792578431182663  0  0.0000015167350594728678  0  0.00006292141419461237  0.000003260181996900691  0.000003745991788785999  0  0.00004898849410036833  0  0.000008374557149399856  0  0.000007817660672024562  0  0.00013990772445636516  0  0.000023043973579184603  4.0758466144795265e-7  0.000015784782943352996  0  0.00002798284872769067  0  0.000017604086371936346  0  0.000029033338592481077  0  0.00001345797374861191  0  0.00004180612355782092  0  0.00007817312586525513  0  0.00030477440075090344  5.351416841122855e-7  0.00003984959437563931  0  0.00004922246249297788  0  0.000005982547486428696  0
0.000004333373452670512  0.0009587487465793597  0.00001271636606580587  0.005449400170950556  0.00000147239378931696  0.29750546602710864  0.000003411509511662998  0.12022916855046559  0  0  0.0000011080271023429233  0.0009822059365837733  0.0000016351717743527913  0.03006978773542132  4.1235344958401786e-7  0.3314479787444436  0  0.0002585604242330005  0.000005174339660424734  0.00012612848711431003  0.000009840365670711915  0.0006411499311265261  6.193910271299464e-7  0.00002969194969890587  5.540135511714616e-7  0.008068821302150678  0  0.00009466595776221843  2.7251995936182364e-7  0.001992838380199583  0.0004990384567013085  0.0004956342547157104  0.000037034268236977814  0.000052758582825446066  0.000045010930635782464  0.00010575009409039628  0  0.0006352656096165847  0  0.0001464049922002474  0  0.000046721748503797275  0.000001511731493839294  0.001833439073954063  0  0.00015825027252746107  0  0.00011866712790099641  0  0.00008547673009863237  0  0.00018345050510148507  0.0000026510198771949723  0.00037654772642902395  3.1490607926186015e-7  0.00029173859790946076  8.214119625040202e-7  0.0003865805159849062  3.89370496930203e-7  0.00028890274048269015  0  0.00013716357316263908  0.0000020684928380729412  0.00011429401810228215  0.0000016348878055033353  0.00001262144836101649  0  0.00005305118240565476  0  0.00006822033389454238  0  0.002983944865138562  0  0.00016217246241690287  0  0.0017397479325998197  0  0.00017744108394013097
0.13753001428604328  0.0000020307218990718303  0.0325100303659372  0.0000028142008326282195  0.00002547890648840009  0  0.054523027210021155  0  0.000011382743766476417  0.0000011080271023429233  0  4.7199021281094713e-7  0.27703243663567856  0  0.01293862186632571  0  0.13891471435536246  0  0.0023588896154528127  0.0000014071004163141097  0.000015948687309605843  0.0000013920887595793108  0.0001353374530586326  0  0.0000028142008326282195  0  0.000017689985409580282  5.822463763896766e-7  0.13132593793094208  0  0.0014352508121253421  0.001184350325709176  0.000030894476082481156  0.0006358964925584222  0.0000046537905361826845  0.000003283234304732923  0.00002231295223766214  0  0.000006773486773653608  0  0.0000023000037988107033  0  0.00002661011470267461  0.000002460607464758076  7.69851758006012e-7  0  0.000012182637958857397  0  0.0000026925992482390895  0  0.000011714696848980609  0  0.0006314762678570241  2.7458330610382214e-7  0.00001142423331050807  4.690334721047033e-7  0.00002170272140884628  4.690334721047033e-7  0.0000267519602325465  0  0.000004753053393546743  0  0.000013070355931385545  0  0.000020994491047913112  0  0.000021651851357290133  0  0.0030954697877480855  0  0.00611049275099557  0  0.000011224785031149166  0  0.000025327807493653977  0  0.0000054749335158046555  0
0.0000018879608512437885  0.08669657835567758  0.0000035030322709082757  0.029032430385365137  0  0.0001533057635933284  4.7199021281094713e-7  0.052852750210470034  0  0.0009822059365837733  4.7199021281094713e-7  0  0  0.2892838339328314  4.7199021281094713e-7  0.0122400011086003  0  0.15218454284186805  4.7199021281094713e-7  0.0006253965231381308  0.0000018879608512437885  0.00009119875584522386  0  0.00023611265486078611  4.7199021281094713e-7  0.000005626324004385325  9.439804256218943e-7  0.00006486956541185184  0  0.15295172741428933  0.00042251632245258406  0.00039054993109492687  0.000002359951064054736  0.00004786776914220111  0  0.000004719902128109472  0  0.00011470555814119486  0  0.00010543396150687147  0  0.000020383693947369367  0  0.00046108443852602735  0  0.00008733622809699976  0  0.00006999693362218493  4.7199021281094713e-7  0.00006203238316667117  0  0.00004336071579227357  9.439804256218943e-7  0.0031864468154272404  0  0.00019462917850427013  0  0.0006483748258049558  0  0.00034158497136755977  0  0.00012409549904542148  0  0.00005281457874296131  4.7199021281094713e-7  9.439804256218943e-7  0  0.00007935826324469722  0  0.002677265144484188  0  0.002493721711199594  0  0.0000964373932013714  0  0.0003185463600648047  0  0.00007414242163175574
0.004895534384990736  0.000009939358875031591  0.04080369188351967  0.000011790455124603676  0.00011551646288027088  3.3619073041470473e-7  0.23578384296932403  0.0000014415442975751063  0.026713342386913405  0.0000016351717743527913  0.27703243663567856  0  0  7.207721487875532e-7  0.19449993946756539  3.704186619885259e-7  0.0014000052681591205  6.113459698545302e-7  0.0007031845535543998  7.207721487875532e-7  0.000026816586180488137  0.0000024732469827606405  0.0004153243275638042  3.603860743937766e-7  0.00000521922469401817  4.344316634649053e-7  0.000037667003988481695  0.0000010811582231813297  0.1307254685526773  2.7428942581348757e-7  0.0014909763827879595  0.001422487287070605  0.0000700409025695401  0.0003619247792387624  0.000020253723378898066  0.000014415442975751063  0.00006297196999258477  3.603860743937766e-7  0.000018072953973670576  3.603860743937766e-7  0.000004771084583973616  3.603860743937766e-7  0.00011186527725533506  0.000007987019589661216  0.000011475765935547352  0  0.00006614960715294174  0  0.000014350672042360043  0  0.000028680368036772217  0  0.00030148540834703706  0.0000026256802902803493  0.000053057351266164326  0.0000018019303719688829  0.00002520389605186217  5.057989853672354e-7  0.00003440568742791689  0.0000018543225927016806  0.0000338114942466017  0  0.00005388993233225629  0  0.00003945872553550033  0  0.00007036702990473289  0  0.00041775941831779465  3.603860743937766e-7  0.0014948126545128817  3.603860743937766e-7  0.00007408475558222734  0  0.00011281203162681323  3.603860743937766e-7  0.00001540695969545068  3.603860743937766e-7
0.0000014173988513318067  0.009426742214350883  0.000004537772867399231  0.012720340981644802  3.9404705237042944e-7  0.00009312017794940532  0.000002184049180454044  0.263485230544927  3.9404705237042944e-7  0.03006978773542132  0  0.2892838339328314  7.207721487875532e-7  0  4.1235344958401786e-7  0.21321719960578156  2.669106585967119e-7  0.0007550056485275145  0  0.0003067308702266906  0.0000021535035445302913  0.0001033002045295519  0  0.00032346258794511745  0  0.000007931124717077393  7.880941047408589e-7  0.000057348452479131305  0  0.10497060108785061  0.0010506973841351327  0.0010538020947103632  0.000004115737297260325  0.00004637314612117099  0.0000024027245490925027  0.000008431666389395777  0  0.00009642723039504739  0  0.00009405879821004561  0  0.00002674608950436517  3.9404705237042944e-7  0.00048019027862809057  0  0.00010110430520179624  0  0.00010585486395885889  3.474318877155728e-7  0.00006178085665984025  3.9404705237042944e-7  0.000043687887406532206  6.115298886249922e-7  0.0007858091139274271  0  0.0001913598402482754  0  0.0004943696787855015  0  0.00035913930277533276  0  0.0001764094179324775  0  0.00005031434366606996  3.9404705237042944e-7  0.000002825098129163495  0  0.0000639559373668736  0  0.00010572325398503582  0  0.000640592124219162  0  0.00008084971068959075  0  0.0003964377771119055  0  0.0000673221800491901
0.0010090404373755853  0.000004664646290250173  0.001246752300838052  0.000006803817466143153  0.22638094519845353  0.000003926586192069692  0.004239781698205497  4.1235344958401786e-7  0.31665820077881973  4.1235344958401786e-7  0.01293862186632571  4.7199021281094713e-7  0.19449993946756539  4.1235344958401786e-7  0  0.000003913860557862719  0.0003305696853786773  0.0000011303798840953008  0.00021062983959742665  0.00000202924497213164  0.049796824642765206  0.00014759197173324268  0.00020436675946483858  0  0.0001312414331358671  0.0000117225222993996  0.009476904336641159  0.00003619148384116869  0.12869438586495685  2.7428942581348757e-7  0.0014373700564388047  0.0016242837432469681  0.00008131649763755605  0.00004869900105833714  0.00005510477468420676  0.00004335970173189368  0.00011834784833622758  0  0.00009237726997956904  0  0.000025838699807523337  0  0.00018857246099258782  0.000004295654622595424  0.000041624084751081234  0  0.00034825911184053777  0  0.00007982462861206748  0  0.00005505684272979414  0  0.0010405243213134662  0.000001099290205271858  0.00014706140417431439  0.0000016351074339278759  0.0000996418381903691  0.0000017428593341192889  0.00014567856994631144  4.1235344958401786e-7  0.00015801117928600217  4.1235344958401786e-7  0.00013909220523817588  8.247068991680357e-7  0.00007306168502389604  5.476523240174022e-7  0.00036816676724163943  0  0.0013058596948131035  0  0.028167255987622895  0.000002047188830885085  0.000347829180718147  0  0.0004997320560698784  4.1235344958401786e-7  0.00005152299589665001  0
0.0000025578663926041845  0.0009703830637734529  0.0000025929306339196815  0.0015945868312754654  0.000005149549417752427  0.19462117654350986  0.0000014816746479541036  0.018893321382254906  3.704186619885259e-7  0.3314479787444436  0  0.0122400011086003  3.704186619885259e-7  0.21321719960578156  0.000003913860557862719  0  0  0.00033212462905593765  0.000001111952949503572  0.00008177092525273825  0.00009374568580978925  0.043273077396562734  0  0.0000362125913055837  0.0000025072415695848244  0.00015163782622200462  0.00003576019946599486  0.02613195428958525  0.0000012858772427006992  0.18725761657620416  0.0005254759628947538  0.0007984027818647329  0.000010702370967914317  0.000027572904797136214  0.00000895211851297645  0.00003201344643022558  3.704186619885259e-7  0.0013357074969432665  7.408373239770518e-7  0.00023768286363868977  0  0.00004857082312149031  7.408373239770518e-7  0.0008238300511808239  0  0.00021597578542436078  0.0000014816746479541036  0.00016711775538973426  7.408373239770518e-7  0.0001363372210147634  7.408373239770518e-7  0.00015526912273815802  0.000002657477644440281  0.00045434190997214444  0  0.00034194235432182186  0.0000011112559859655777  0.0004852703140598997  0.0000011491596558489318  0.00030729447613172097  0.000001611648794320136  0.0002039009811740285  7.408373239770518e-7  0.00012814303328556256  0  0.000004235887605971888  0  0.00003922652157573009  7.408373239770518e-7  0.00011859508982551053  0.0000064721518575688764  0.013247235934589374  0.0000022225119719311554  0.00023288732528656256  0.0000022225119719311554  0.003687838278598057  0  0.00017462644398355082
0.07521510280380055  0.0000021665506693681652  0.008986393402143895  0.000002875268858765986  0.00016854791270720152  8.007319757901356e-7  0.0016352117962529784  0  0.000042445396551471494  0  0.13891471435536246  0  0.0014000052681591205  2.669106585967119e-7  0.0003305696853786773  0  0  0  0.002433556193623513  0  0.0005178413930696606  0.000009771006772077858  0.000024983629140580105  0  0.000006406240216026736  0.0000032029279031605424  0.000248008200543386  0.0000034698385617572545  0.2647025355377097  2.7428942581348757e-7  0.0008013386497858696  0.0004711704410593723  0.0002747220615147432  0.0005420533739135702  0.000009240541020931846  0.0000061389451477243734  0.0003021666472567571  0  0.00003549911759336268  0  0.000004003659878950678  0  0.00006506781904195178  0.000002063199135623404  0.000008808051733691491  0  0.00007528755237229538  0  0.000016548460832996137  0  0.00003549911759336268  0  0.13955045285048995  8.007319757901356e-7  0.00012449499471867923  5.338213171934238e-7  0.0010733292129242648  5.057989853672354e-7  0.10104394040636436  0  0.00003219590416368554  0  0.00015085321168045013  0  0.0006792344806797356  0  0.13017917446007285  0  0.10648620545009688  1.7138847631874007e-7  0.0012716811700621508  0  0.000167743894849429  0  0.00017678492493132097  2.669106585967119e-7  0.00001472874088687536  0
0.000010557723891040785  0.07053335171954056  0.0000063125604797769476  0.005315230989980432  3.056729849272651e-7  0.00005581459866958115  0.0000023535248130927523  0.001305300405317347  3.056729849272651e-7  0.0002585604242330005  0  0.15218454284186805  6.113459698545302e-7  0.0007550056485275145  0.0000011303798840953008  0.00033212462905593765  0  0  0.0000050216530400347525  0.00020921862122547498  0.0000015283649246363255  0.00005936680038551591  0  0.000006817916552186537  0  0.000004665697824594632  0  0.0000493300034542417  0  0.23458415010136302  0.00005792248304708526  0.000021612338475679992  0.000009475862532745219  0.000020233988122036543  0.000002139710894490856  0.0000033624028341999164  0  0.00163174750379538  3.056729849272651e-7  0.00005263888212302635  0  0.000005196440743763507  6.113459698545302e-7  0.0012088694724383096  0  0.000025363612535865492  6.113459698545302e-7  0.000023600009742871983  0  0.000019257398050417702  0  0.00013701432808084534  0.000004890767758836242  0.127793448458464  0.0000012319250340436554  0.00012084367139231237  0  0.000853577267105748  0  0.18829017851855695  0  0.00003315775391454951  0.0000012226919397090604  0.000012484097759543387  8.46110112093202e-7  0.0000041520344973074555  0  0.10351537342415347  3.056729849272651e-7  0.08402248488545527  0  0.0019574894739397396  0  0.00023952785632141738  0  0.0007899941673448924  0  0.00011230282810126362
0.01068017797772978  0.00004803126541411955  0.18447843502627648  0.00039848764457678745  0.00020513207580213056  0.000003837797615009014  0.0011540735946457899  4.77088538568076e-7  0.00003756250085423836  0.000005174339660424734  0.0023588896154528127  4.7199021281094713e-7  0.0007031845535543998  0  0.00021062983959742665  0.000001111952949503572  0.002433556193623513  0.0000050216530400347525  0  0.015192014750073628  0.00024947279627206644  0.000025890582010587966  0.11564652708522233  0.0009245229860181934  0.00012725091123345407  0.000002724441454562412  0.0002735869181886406  0.0000059824486385601295  0.0015901261983007253  0.0000013714471290674379  0.015101381399002295  0.002339957631000902  0.27871416405990346  0.01949481025621676  0.00008776556185575688  0.000025114641277231326  0.00026999221527696215  0.000002154112630390585  0.000028848598082750604  0  0.000004458952209400606  0  0.0003256110228485134  0.000025662131319228775  0.000009727521973291379  9.752163822835383e-7  0.000054922152535453344  0  0.00001186787583740001  0  0.000051697752839143744  2.607967235586026e-7  0.005402218437170388  0.000012253266048812234  0.0000624848477829061  0.000007561763387903939  0.00002597652010667091  0.000007554050326512905  0.00011705448060476164  0.000006933905677951656  0.000023614307329577092  2.9107285378886624e-7  0.0024364170849237796  0.000002741050478064686  0.1995657501124728  0.0007255807459395062  0.00011330304648287973  0.0000017147276240905513  0.00019423350175450582  0.0000010283308579124404  0.0006452751281184432  0.000001113346876579561  0.00003215156392799752  0  0.0001035651967553628  0.0000018079441756996769  0.000016442528948021643  0
0.000006870426988262183  0.02475185884708636  0.00002892739425799589  0.1679859687712272  0  0.00005525741888825205  0.000008563287989601553  0.00010160752230351145  0  0.00012612848711431003  0.0000014071004163141097  0.0006253965231381308  7.207721487875532e-7  0.0003067308702266906  0.00000202924497213164  0.00008177092525273825  0  0.00020921862122547498  0.015192014750073628  0  0.000003945617176601794  0.00004365087364718773  0.0006448985681347535  0.09879030868191019  0  0.000028480550059849095  0  0.00005490588744390043  5.450399187236473e-7  0.00014630409088895718  0.025488868182836175  0.00833115846385942  0.008792267240660994  0.2781514455553862  0.00000871403085717545  0.00013309839511094896  3.9609231168979315e-7  0.00008356863212050879  0  0.000008532168459769906  0  0.0000018908290257941464  9.940368191277717e-7  0.001372878697268202  0  0.000007263552700616875  0.0000011882769350693796  0.0000027020504171102608  0  0.0000033095303768087194  2.3266007711285595e-7  0.000036556199358184604  0.000004077543199355929  0.0010398173863101013  3.1490607926186015e-7  0.00007582680428905631  0  0.000024923836296564472  0.000001168111490790609  0.000028956853301814372  5.003928083545583e-7  0.000006685598258898655  0.000001990821431317729  0.0010412271542077523  0.0015096751842650015  0.16902085122869437  0  0.000013587462615393032  2.2745179386680787e-7  0.00000836370814213286  5.230639832786906e-7  0.000034542808758389587  0  0.0000075254602866280245  0  0.00005452921211403222  0  0.000007129661610416277
0.0006765300459494776  0.000011054966009462719  0.00023268901782121193  0.00005253137682424803  0.1126466403477964  0.00013923821443455735  0.00002471139160895465  0.0000016500595333413172  0.000013891980235550488  0.000009840365670711915  0.000015948687309605843  0.0000018879608512437885  0.000026816586180488137  0.0000021535035445302913  0.049796824642765206  0.00009374568580978925  0.0005178413930696606  0.0000015283649246363255  0.00024947279627206644  0.000003945617176601794  0  0.16493346559424288  0.0000214425332033516  0.00008998552739886849  0.007827130994477585  0.003493600584477302  0.28387869476735356  0.004392695894276035  0.03181569629718606  0.000004852453467627516  0.1258400195388503  0.054459878992577114  0.00013702119344263824  0.00011677081930353063  0.00010245446461688574  0.000017081578317639845  0.0006830224361227693  0.00005066841090940038  0.00034482444476436756  0.0000045550482719672  0.00005029922191602928  0  0.00040568857658967766  0.00000527434563438487  0.00010326056249855174  0.0000020791221299087684  0.0006948071451885347  0  0.0002101184355640079  0  0.00044810958639198285  0.000005605286772788545  0.001620897962284948  0.0000053290394715095495  0.000276900520675632  0.0000030319934660743366  0.00016888016930296157  5.057989853672354e-7  0.0008485424870573791  0.00000488797565091241  0.00025701422508295874  5.821457075777325e-7  0.0002789006818176633  0.0000015430701747166923  0.00007090402860636975  0.0000011729709947732412  0.00033422495827225575  0  0.0004686327421006175  3.4277695263748013e-7  0.01491903959196694  0.00007132661323426591  0.00044517654150262695  5.864854973866206e-7  0.0007748644065282959  0.000044726917129953665  0.00017807336988001675  0.0000023459419895464824
0.00004332013949578093  0.0003169545404936796  0.00001989391103274247  0.0002856097473908486  0.00011964385456857936  0.03704395573906989  0.000004280874949371897  0.00005044471548938245  0.000002140566736449142  0.0006411499311265261  0.0000013920887595793108  0.00009119875584522386  0.0000024732469827606405  0.0001033002045295519  0.00014759197173324268  0.043273077396562734  0.000009771006772077858  0.00005936680038551591  0.000025890582010587966  0.00004365087364718773  0.16493346559424288  0  0.0000010057398933546287  0.00009142221878502733  0.0007803509347146634  0.051563810176289415  0.01878473477761937  0.2965932777664376  0.000035807391585834537  0.04859349673609945  0.029343855551442095  0.11051658858455374  0.00006549346698787563  0.0001915908936152041  0.000011643512660707651  0.000017201742823479153  0.00004475452395833644  0.003574884806075912  0.000017458147884476408  0.00008744275552071612  4.464516912482968e-7  0.000014005487837949555  0.000022217704232126696  0.0002064069028120614  0.000007562080369699171  0.000053555561958230924  0.000029921566288298853  0.00003701754446619949  0.000013221301402927923  0.00003398657605429638  0.000009994704058108244  0.00020687324146669792  0.00006090164889665612  0.00017259885006185862  0.000011186687270832607  0.00008151791955519539  0.00000926087864568156  0.00008582297931367351  0.000014689269695853413  0.00004526779636167666  0.000011072675930217385  0.00002428561165998037  0.000014764285851285858  0.00004625242034087112  0.000005257140533069806  0.000012037706769825426  0.000008452707782631908  0.000006858910496362205  0.000021991212366645238  0.00000877228371579983  0.0001640813017934228  0.01686934307915835  0.00003127247340206834  0.00009683213497771955  0.000045228710336538364  0.003428361150559361  0.000006579964740759818  0.00011866851398993076
0.00003119649184405324  2.7316373871560594e-7  0.2617761008604713  0.0023530443710198827  0.022252174321041006  9.55581757544651e-7  0.002754419258635311  0  0.0009495909285252448  6.193910271299464e-7  0.0001353374530586326  0  0.0004153243275638042  0  0.00020436675946483858  0  0.000024983629140580105  0  0.11564652708522233  0.0006448985681347535  0.0000214425332033516  0.0000010057398933546287  0  0.016037786098479848  0.11974155762569305  0.0021890337412388133  0.000026653929326065958  0.000003877463073383572  0.00007802795519459527  0  0.24715673098287194  0.053809943984042215  0.06222951257952927  0.005086702045054278  0.0001949470991868061  0.0000018581730813898392  0.000006992644785649267  0  0.0000014491271493143351  0  3.096955135649732e-7  0  0.00001751429987434957  1.9482452544642093e-7  3.096955135649732e-7  0  0.0000031719400797781754  0  0.0000010045592889961188  0  4.653201542257119e-7  0  0.000023209766927241214  2.7458330610382214e-7  0.000007799704061790086  0  0.0000017312817746925953  0  0.00000490246649336218  0  0.000001429479349049478  0  0.000274980548914996  0  0.00003477036428371224  0  0.000011646756040511546  0  0.000017237525085847196  0  0.00008625688361075677  0  0.000003610124914576902  0  0.0000033255801696393645  0  3.096955135649732e-7  0
6.340415629344882e-7  0.00003386462336787949  0.000007775994286797074  0.2661876860585525  0.0000019939193435698495  0.014087221779460066  7.975677374279397e-7  0.0030686304675688197  0  0.00002969194969890587  0  0.00023611265486078611  3.603860743937766e-7  0.00032346258794511745  0  0.0000362125913055837  0  0.000006817916552186537  0.0009245229860181934  0.09879030868191019  0.00008998552739886849  0.00009142221878502733  0.016037786098479848  0  0.00007035130957520918  0.12087472766392493  0.000002791487080997789  0.000005702718962946172  2.7251995936182364e-7  0.00001986931658714732  0.024851211132218765  0.18661969666735784  0.00008783757634625568  0.07894114688314358  0  0.000011125901219897499  3.9878386871396987e-7  0.000009570812849135277  0  0.0000014720424228192227  0  3.9878386871396987e-7  0  0.00005623136407565955  0  0.0000018971858532343885  0  9.549328968653372e-7  0  6.900644520198186e-7  0  0.000003573877251673597  2.1748283625456279e-7  0.000010427455290137756  0  0.00000402304185807563  0  0.0000053497586057330576  0  0.000004911356262281079  0  6.898567225028361e-7  0  0.00002862804432071074  0  0.000009708873377009808  0  0.0000038282391168950725  0  9.1294929767019e-7  3.9878386871396987e-7  0.000010923946408728023  2.2651216121142327e-7  0.0000011933664136396872  0  0.000010509321004400714  3.9878386871396987e-7  0.0000018823254245861507
0.000033136293146612036  0  0.002408420352659008  0.0000010684114537981494  0.11983438764477178  0.0000183381648661434  0.000005236137518506797  0  0.0003718223870790117  5.540135511714616e-7  0.0000028142008326282195  4.7199021281094713e-7  0.00000521922469401817  0  0.0001312414331358671  0.0000025072415695848244  0.000006406240216026736  0  0.00012725091123345407  0  0.007827130994477585  0.0007803509347146634  0.11974155762569305  0.00007035130957520918  0  0.019014588973377725  0.2790511014246684  0.008855808051870199  0.000032343201629460434  0  0.1467649654639283  0.061873556747747346  0.0002606039566028911  0.000005734622222249844  0.00003116407453514785  0.0000036384509861690668  0.000026910125983706064  0  0.000003706119455434184  0  9.806574181473716e-7  0  0.00004613504722654849  0  0.00000250507203840115  0  0.00000925926102054927  0  0.0000021107071169448677  0  0.000004135874669845872  7.950024504576773e-7  0.000036828513177511614  0  0.000012641070660789377  0  0.0000037406222798256075  0  0.00001026846815015415  5.342057268990747e-7  0.0000015349913436081914  0  0.0000470269976955538  0  0.000021499088481567093  0  0.000012956640602224655  0  0.00002088808139109914  0  0.000046719820666109225  0.0000017566876586161241  0.000010098812654430635  0  0.000011264565323743114  0  0.0000011653363722049143  0
